4 400 399 398 1 2
4 400 399 398 1 2
4 400 399 398 1 2
4 400 399 398 1 2
4 400 399 398 1 2
4 400 399 398 1 2
4 400 399 398 1 2
4 400 399 398 1 2
4 400 399 398 1 2
4 400 399 398 1 2
4 400 399 398 1 2
4 400 399 398 1 2
4 400 399 398 1 2
4 400 399 398 1 2
4 400 399 398 1 2
4 400 399 398 1 2
4 400 399 398 1 2
4 400 399 398 1 2
4 400 399 398 1 2
4 400 399 398 1 2
4 400 399 398 1 2
4 400 399 398 1 2
4 400 399 398 1 2
4 400 399 398 1 2
4 400 399 398 1 2
4 400 399 398 1 2
4 400 399 398 1 2
4 400 399 398 1 2
4 400 399 398 1 2
2 357 357 357 0 0
2 320 320 320 0 0
4 287 287 285 0 2
278 287 255 132 32 155
4 400 399 398 1 2
4 400 399 398 1 2
4 400 399 398 1 2
4 400 399 398 1 2
4 400 399 398 1 2
4 400 399 398 1 2
4 400 399 398 1 2
4 400 399 398 1 2
4 400 399 398 1 2
4 400 399 398 1 2
4 400 399 398 1 2
4 400 399 398 1 2
4 400 399 398 1 2
4 400 399 398 1 2
4 400 399 398 1 2
4 400 399 398 1 2
4 400 399 398 1 2
4 400 399 398 1 2
4 400 399 398 1 2
4 400 399 398 1 2
4 400 399 398 1 2
4 400 399 398 1 2
4 400 399 398 1 2
4 400 399 398 1 2
4 400 399 398 1 2
4 400 399 398 1 2
2 357 357 357 0 0
4 400 399 398 1 2
4 400 399 398 1 2
4 400 399 398 1 2
4 400 399 398 1 2
4 400 399 398 1 2
4 400 399 398 1 2
4 400 399 398 1 2
4 400 399 398 1 2
4 400 399 398 1 2
4 400 399 398 1 2
4 400 399 398 1 2
4 400 399 398 1 2
4 400 399 398 1 2
4 400 399 398 1 2
4 400 399 398 1 2
4 400 399 398 1 2
4 400 399 398 1 2
4 400 399 398 1 2
4 400 399 398 1 2
4 400 399 398 1 2
4 400 399 398 1 2
4 400 399 398 1 2
4 400 399 398 1 2
4 400 399 398 1 2
4 400 399 398 1 2
4 400 399 398 1 2
4 400 399 398 1 2
4 400 399 398 1 2
4 400 399 398 1 2
4 400 399 398 1 2
4 400 399 398 1 2
4 400 399 398 1 2
4 400 399 398 1 2
4 400 399 398 1 2
4 400 399 398 1 2
4 400 399 398 1 2
4 400 399 398 1 2
4 400 399 398 1 2
4 400 399 398 1 2
4 400 399 398 1 2
4 400 399 398 1 2
4 400 399 398 1 2
4 400 399 398 1 2
4 400 399 398 1 2
4 400 399 398 1 2
4 357 357 355 0 2
341 357 318 167 39 190
4 400 399 398 1 2
4 400 399 398 1 2
4 400 399 398 1 2
4 400 399 398 1 2
4 400 399 398 1 2
4 400 399 398 1 2
4 400 399 398 1 2
4 400 399 398 1 2
4 400 399 398 1 2
4 400 399 398 1 2
4 400 399 398 1 2
4 400 399 398 1 2
4 400 399 398 1 2
4 400 399 398 1 2
4 400 399 398 1 2
4 400 399 398 1 2
4 400 399 398 1 2
4 400 399 398 1 2
4 400 399 398 1 2
4 400 399 398 1 2
4 400 399 398 1 2
4 400 399 398 1 2
4 400 399 398 1 2
4 400 399 398 1 2
4 400 399 398 1 2
4 400 399 398 1 2
4 400 399 398 1 2
4 400 399 398 1 2
4 400 399 398 1 2
4 400 399 398 1 2
4 400 399 398 1 2
4 400 399 398 1 2
4 400 399 398 1 2
4 400 399 398 1 2
4 400 399 398 1 2
4 400 399 398 1 2
4 400 399 398 1 2
4 400 399 398 1 2
4 400 399 398 1 2
4 400 399 398 1 2
4 400 399 398 1 2
4 400 399 398 1 2
4 400 399 398 1 2
4 400 399 398 1 2
4 400 399 398 1 2
4 400 399 398 1 2
4 400 399 398 1 2
4 400 399 398 1 2
4 400 399 398 1 2
4 400 399 398 1 2
4 400 399 398 1 2
4 400 399 398 1 2
2 357 357 357 0 0
2 320 320 320 0 0
4 400 399 398 1 2
4 400 399 398 1 2
4 400 399 398 1 2
4 400 399 398 1 2
4 400 399 398 1 2
4 400 399 398 1 2
4 400 399 398 1 2
4 400 399 398 1 2
4 400 399 398 1 2
4 400 399 398 1 2
4 400 399 398 1 2
4 400 399 398 1 2
4 400 399 398 1 2
4 400 399 398 1 2
4 400 399 398 1 2
4 400 399 398 1 2
4 400 399 398 1 2
4 400 399 398 1 2
4 400 399 398 1 2
2 357 357 357 0 0
4 400 399 398 1 2
4 400 399 398 1 2
4 400 399 398 1 2
4 400 399 398 1 2
4 400 399 398 1 2
2 357 357 357 0 0
4 400 399 398 1 2
4 400 399 398 1 2
4 400 399 398 1 2
4 400 399 398 1 2
4 400 399 398 1 2
4 400 399 398 1 2
4 400 399 398 1 2
4 400 399 398 1 2
4 400 399 398 1 2
4 400 399 398 1 2
4 400 399 398 1 2
4 400 399 398 1 2
4 400 399 398 1 2
4 400 399 398 1 2
4 400 399 398 1 2
4 400 399 398 1 2
4 400 399 398 1 2
4 400 399 398 1 2
4 400 399 398 1 2
4 400 399 398 1 2
4 400 399 398 1 2
4 400 399 398 1 2
4 400 399 398 1 2
4 400 399 398 1 2
4 400 399 398 1 2
4 400 399 398 1 2
4 400 399 398 1 2
4 400 399 398 1 2
4 400 399 398 1 2
4 400 399 398 1 2
4 400 399 398 1 2
4 400 399 398 1 2
4 400 399 398 1 2
4 400 399 398 1 2
4 400 399 398 1 2
4 400 399 398 1 2
4 400 399 398 1 2
4 400 399 398 1 2
4 400 399 398 1 2
4 400 399 398 1 2
4 400 399 398 1 2
4 400 399 398 1 2
4 400 399 398 1 2
4 400 399 398 1 2
4 400 399 398 1 2
4 400 399 398 1 2
4 400 399 398 1 2
4 400 399 398 1 2
4 400 399 398 1 2
4 400 399 398 1 2
4 400 399 398 1 2
4 400 399 398 1 2
4 400 399 398 1 2
4 400 399 398 1 2
4 400 399 398 1 2
4 400 399 398 1 2
4 400 399 398 1 2
4 400 399 398 1 2
4 400 399 398 1 2
4 400 399 398 1 2
4 400 399 398 1 2
4 400 399 398 1 2
4 400 399 398 1 2
4 400 399 398 1 2
4 400 399 398 1 2
4 400 399 398 1 2
4 400 399 398 1 2
4 400 399 398 1 2
4 400 399 398 1 2
4 400 399 398 1 2
4 400 399 398 1 2
4 400 399 398 1 2
4 400 399 398 1 2
4 400 399 398 1 2
4 400 399 398 1 2
2 357 357 357 0 0
4 400 399 398 1 2
4 400 399 398 1 2
4 400 399 398 1 2
4 400 399 398 1 2
4 400 399 398 1 2
4 400 399 398 1 2
4 400 399 398 1 2
4 400 399 398 1 2
4 400 399 398 1 2
4 400 399 398 1 2
4 400 399 398 1 2
4 400 399 398 1 2
4 400 399 398 1 2
4 400 399 398 1 2
4 400 399 398 1 2
4 400 399 398 1 2
4 400 399 398 1 2
4 400 399 398 1 2
4 400 399 398 1 2
4 400 399 398 1 2
4 400 399 398 1 2
4 400 399 398 1 2
4 400 399 398 1 2
4 400 399 398 1 2
4 400 399 398 1 2
4 400 399 398 1 2
4 400 399 398 1 2
4 400 399 398 1 2
4 400 399 398 1 2
4 400 399 398 1 2
4 400 399 398 1 2
4 400 399 398 1 2
2 357 357 357 0 0
4 400 399 398 1 2
4 400 399 398 1 2
4 400 399 398 1 2
4 400 399 398 1 2
2 357 357 357 0 0
111 357 320 283 37 74
257 357 222 161 135 196
357 357 90 19 267 338
4 400 399 398 1 2
4 400 399 398 1 2
4 400 399 398 1 2
4 400 399 398 1 2
4 400 399 398 1 2
4 400 399 398 1 2
4 400 399 398 1 2
4 400 399 398 1 2
4 400 399 398 1 2
4 400 399 398 1 2
4 400 399 398 1 2
4 400 399 398 1 2
4 400 399 398 1 2
4 400 399 398 1 2
4 400 399 398 1 2
4 400 399 398 1 2
4 400 399 398 1 2
4 400 399 398 1 2
4 400 399 398 1 2
4 400 399 398 1 2
4 400 399 398 1 2
4 400 399 398 1 2
4 400 399 398 1 2
4 400 399 398 1 2
4 400 399 398 1 2
8 400 398 395 2 5
4 400 399 398 1 2
4 400 399 398 1 2
4 400 399 398 1 2
4 400 399 398 1 2
4 400 399 398 1 2
4 400 399 398 1 2
4 400 399 398 1 2
4 400 399 398 1 2
4 400 399 398 1 2
4 400 399 398 1 2
4 400 399 398 1 2
4 400 399 398 1 2
4 400 399 398 1 2
4 400 399 398 1 2
4 400 399 398 1 2
4 400 399 398 1 2
4 400 399 398 1 2
4 400 399 398 1 2
4 400 399 398 1 2
381 400 357 188 43 212
4 400 399 398 1 2
4 400 399 398 1 2
4 400 399 398 1 2
4 400 399 398 1 2
4 400 399 398 1 2
4 400 399 398 1 2
4 400 399 398 1 2
4 400 399 398 1 2
4 400 399 398 1 2
4 400 399 398 1 2
4 400 399 398 1 2
4 400 399 398 1 2
4 400 399 398 1 2
4 400 399 398 1 2
4 400 399 398 1 2
4 400 399 398 1 2
4 400 399 398 1 2
4 400 399 398 1 2
4 400 399 398 1 2
4 400 399 398 1 2
4 400 399 398 1 2
4 400 399 398 1 2
4 400 399 398 1 2
4 400 399 398 1 2
4 400 399 398 1 2
4 400 399 398 1 2
4 400 399 398 1 2
4 400 399 398 1 2
4 400 399 398 1 2
4 400 399 398 1 2
2 357 357 357 0 0
2 320 320 320 0 0
2 287 287 287 0 0
4 400 399 398 1 2
4 400 399 398 1 2
4 400 399 398 1 2
4 400 399 398 1 2
4 400 399 398 1 2
4 400 399 398 1 2
4 400 399 398 1 2
4 400 399 398 1 2
4 400 399 398 1 2
4 400 399 398 1 2
4 400 399 398 1 2
4 400 399 398 1 2
4 400 399 398 1 2
4 400 399 398 1 2
4 357 357 355 0 2
113 357 318 281 39 76
4 400 399 398 1 2
4 400 399 398 1 2
4 400 399 398 1 2
4 400 399 398 1 2
4 400 399 398 1 2
4 400 399 398 1 2
4 400 399 398 1 2
4 400 399 398 1 2
4 400 399 398 1 2
4 400 399 398 1 2
4 400 399 398 1 2
4 400 399 398 1 2
4 400 399 398 1 2
4 400 399 398 1 2
4 400 399 398 1 2
4 400 399 398 1 2
4 400 399 398 1 2
4 400 399 398 1 2
4 400 399 398 1 2
4 400 399 398 1 2
4 400 399 398 1 2
4 400 399 398 1 2
4 400 399 398 1 2
4 400 399 398 1 2
4 400 399 398 1 2
4 400 399 398 1 2
2 357 357 357 0 0
4 400 399 398 1 2
4 400 399 398 1 2
4 400 399 398 1 2
4 400 399 398 1 2
4 400 399 398 1 2
4 400 399 398 1 2
4 400 399 398 1 2
4 400 399 398 1 2
4 400 399 398 1 2
4 357 357 355 0 2
341 357 318 167 39 190
4 400 399 398 1 2
4 400 399 398 1 2
4 400 399 398 1 2
4 400 399 398 1 2
4 400 399 398 1 2
4 400 399 398 1 2
4 400 399 398 1 2
4 400 399 398 1 2
2 357 357 357 0 0
4 400 399 398 1 2
4 400 399 398 1 2
4 400 399 398 1 2
4 400 399 398 1 2
4 400 399 398 1 2
4 400 399 398 1 2
4 400 399 398 1 2
4 400 399 398 1 2
4 400 399 398 1 2
4 400 399 398 1 2
4 400 399 398 1 2
4 400 399 398 1 2
4 400 399 398 1 2
4 400 399 398 1 2
4 400 399 398 1 2
4 400 399 398 1 2
4 400 399 398 1 2
4 400 399 398 1 2
4 400 399 398 1 2
4 400 399 398 1 2
4 400 399 398 1 2
4 400 399 398 1 2
4 400 399 398 1 2
2 357 357 357 0 0
4 400 399 398 1 2
4 400 399 398 1 2
4 400 399 398 1 2
4 400 399 398 1 2
4 400 399 398 1 2
4 400 399 398 1 2
4 400 399 398 1 2
4 400 399 398 1 2
4 400 399 398 1 2
4 400 399 398 1 2
4 400 399 398 1 2
4 400 399 398 1 2
4 400 399 398 1 2
4 400 399 398 1 2
4 400 399 398 1 2
4 400 399 398 1 2
4 400 399 398 1 2
4 400 399 398 1 2
4 400 399 398 1 2
4 400 399 398 1 2
4 400 399 398 1 2
4 400 399 398 1 2
4 400 399 398 1 2
4 400 399 398 1 2
4 400 399 398 1 2
4 400 399 398 1 2
4 400 399 398 1 2
4 400 399 398 1 2
4 400 399 398 1 2
4 400 399 398 1 2
4 400 399 398 1 2
4 400 399 398 1 2
4 400 399 398 1 2
4 400 399 398 1 2
4 400 399 398 1 2
4 400 399 398 1 2
4 400 399 398 1 2
4 400 399 398 1 2
4 400 399 398 1 2
4 400 399 398 1 2
4 400 399 398 1 2
4 400 399 398 1 2
4 400 399 398 1 2
4 400 399 398 1 2
4 400 399 398 1 2
4 400 399 398 1 2
4 400 399 398 1 2
4 400 399 398 1 2
4 400 399 398 1 2
4 400 399 398 1 2
4 400 399 398 1 2
2 357 357 357 0 0
2 320 320 320 0 0
4 400 399 398 1 2
4 400 399 398 1 2
4 400 399 398 1 2
4 400 399 398 1 2
4 400 399 398 1 2
4 400 399 398 1 2
4 400 399 398 1 2
4 400 399 398 1 2
2 357 357 357 0 0
